30.0
113.0
81.0
115.0
9.0
2.0
91.0
112.0
15.0
138.0
50.0
77.0
24.0
108.0
88.0
670.0
120.0
26.0
114.0
325.0
55.0
242.0
68.0
422.0
180.0
10.0
1146.0
600.0
15.0
36.0
4.0
0.0
8.0
227.0
65.0
176.0
58.0
457.0
300.0
97.0
263.0
452.0
255.0
197.0
193.0
6.0
79.0
816.0
1351.0
148.0
21.0
233.0
134.0
357.0
193.0
236.0
31.0
369.0
748.0
0.0
232.0
330.0
365.0
1222.0
543.0
10.0
16.0
529.0
379.0
44.0
129.0
810.0
290.0
300.0
529.0
281.0
160.0
828.0
1011.0
445.0
296.0
1755.0
1064.0
1783.0
860.0
983.0
707.0
33.0
868.0
724.0
2323.0
2930.0
1461.0
843.0
12.0
261.0
1800.0
865.0
1435.0
30.0
143.0
108.0
0.0
3110.0
1247.0
943.0
700.0
875.0
245.0
729.0
1897.0
447.0
386.0
446.0
122.0
990.0
948.0
1082.0
22.0
75.0
482.0
5509.0
100.0
10.0
1071.0
371.0
790.0
6150.0
3321.0
1045.0
648.0
5485.0
1160.0
1864.0
4116.0
