39.0
10.0
4.0
36.0
4.0
5.0
4.0
91.0
49.0
1.0
25.0
1.0
4.0
30.0
42.0
9.0
49.0
44.0
32.0
3.0
78.0
1.0
30.0
205.0
5.0
129.0
103.0
224.0
186.0
53.0
14.0
9.0
2.0
10.0
1.0
34.0
170.0
129.0
4.0
4.0
35.0
5.0
5.0
22.0
36.0
35.0
121.0
23.0
33.0
48.0
32.0
21.0
4.0
23.0
9.0
13.0
165.0
14.0
22.0
41.0
12.0
138.0
95.0
49.0
62.0
2.0
35.0
89.0
90.0
69.0
22.0
15.0
19.0
42.0
14.0
11.0
41.0
210.0
16.0
30.0
37.0
66.0
9.0
16.0
14.0
24.0
12.0
159.0
89.0
118.0
29.0
21.0
18.0
2.0
114.0
37.0
46.0
17.0
1.0
150.0
382.0
160.0
66.0
206.0
9.0
26.0
62.0
239.0
13.0
4.0
85.0
85.0
240.0
178.0
34.0
102.0
9.0
146.0
59.0
48.0
25.0
25.0
111.0
5.0
31.0
51.0
6.0
193.0
27.0
25.0
96.0
26.0
30.0
30.0
17.0
320.0
78.0
39.0
13.0
13.0
19.0
128.0
34.0
84.0
40.0
177.0
349.0
274.0
82.0
58.0
31.0
114.0
39.0
88.0
84.0
232.0
108.0
38.0
86.0
7.0
22.0
80.0
239.0
3.0
39.0
63.0
152.0
63.0
80.0
245.0
196.0
46.0
152.0
102.0
9.0
228.0
220.0
208.0
78.0
3.0
83.0
6.0
212.0
91.0
3.0
10.0
172.0
21.0
173.0
371.0
40.0
48.0
126.0
90.0
149.0
30.0
317.0
500.0
673.0
432.0
66.0
168.0
66.0
66.0
128.0
49.0
332.0
